Risultato al variare dei cluster



[[0.4326986  0.2355892  0.1382897  0.08334804 0.06776985]
 [0.590535   0.3183379  0.1811098  0.1007178  0.08480014]
 [0.8590516  0.4517243  0.24878    0.1438428  0.1202411 ]
 [1.525838   0.7878671  0.4202883  0.2642685  0.1963472 ]
 [2.806821   1.442755   0.7528476  0.4187438  0.3627373 ]
 [6.214299   3.167798   1.650943   0.9257346  0.8390047 ]]
 
[[1.         1.83666569 3.12892862 5.19146701 6.38482452]
 [1.         1.85505716 3.2606463  5.86326349 6.96384464]
 [1.         1.9017166  3.45305732 5.97215571 7.14440902]
 [1.         1.93666927 3.63045557 5.77381716 7.77112177]
 [1.         1.94545921 3.72827249 6.70295536 7.7378891 ]
 [1.         1.96170936 3.76409058 6.71283001 7.40675112]]
 
 
risultato al variare di numero di osservazioni


[[ 0.17189093  0.10128971  0.06601591  0.03607291  0.02896637]
 [ 0.769411    0.41011807  0.21983193  0.13120313  0.09988887]
 [ 1.4923      0.787043    0.41333333  0.2279338   0.18375627]
 [ 7.51768267  3.834006    1.96519133  1.05474267  0.85408633]
 [14.9499      7.587646    3.904174    2.08581333  1.69577267]]
 
[[1.         1.69702261 2.60378054 4.76509706 5.93415445]
 [1.         1.87607195 3.49999651 5.86427306 7.70267023]
 [1.         1.89608446 3.61040323 6.54707639 8.12108358]
 [1.         1.96079053 3.82542022 7.12750409 8.80201728]
 [1.         1.97029487 3.82920946 7.1674199  8.81598123]]
 
 
 
 
